0 -0
0.625 0.643551
1.25 1.31248
1.875 1.92779
2.5 2.54485
3.125 3.16054
3.75 3.77491
4.375 4.385
5 4.99075
5.625 5.5587
6.25 5.93872
6.875 6.04687
7.5 6.23525
8.125 6.116
8.75 5.77645
9.375 5.52684
10 5.17392
10.625 4.76847
11.25 4.51935
11.875 4.38309
12.5 4.45886
13.125 4.59128
13.75 4.73921
14.375 4.96963
15 5.23846
15.625 5.54104
16.25 5.79124
16.875 5.99368
17.5 6.10591
18.125 6.10782
18.75 6.2328
19.375 6.29199
20 6.08036
20.625 5.96899
21.25 5.72933
21.875 5.6152
22.5 5.58568
23.125 5.40669
23.75 5.67973
24.375 5.81151
25 5.88733
25.625 6.14823
26.25 6.35324
26.875 6.46688
27.5 6.36862
28.125 6.23497
28.75 6.15364
29.375 5.95924
30 5.91231
30.625 5.71914
31.25 5.46383
31.875 5.18745
32.5 5.14379
33.125 5.28346
33.75 5.24436
34.375 5.21131
35 5.31652
35.625 5.49946
36.25 5.73301
36.875 5.85886
37.5 5.88464
38.125 5.92912
38.75 5.98985
39.375 5.92327
40 6.07108
